line
200 250 0 300 250 0
line
300 250 0 300 275 0
line
300 275 0 275 275 0
line
275 275 0 275 325 0
line
275 325 0 350 325 0
line
350 325 0 350 275 0
line
350 275 0 325 275 0
line
325 275 0 325 250 0
line
325 250 0 425 250 0
line
425 250 0 425 275 0
line
425 275 0 400 275 0
line
400 275 0 400 375 0
line
400 375 0 425 375 0
line
425 375 0 425 400 0
line
425 400 0 325 400 0
line
325 400 0 325 375 0
line
325 375 0 350 375 0
line
350 375 0 350 350 0
line
350 350 0 275 350 0
line
275 350 0 275 375 0
line
275 375 0 300 375 0
line
300 375 0 300 400 0
line
300 400 0 200 400 0
line
200 400 0 200 375 0
line
200 375 0 225 375 0
line
225 375 0 225 275 0
line
225 275 0 200 275 0
line
200 275 0 200 250 0
ident
move
-75 -75 -75
apply
display
line
240 180 -50 430 50 -50
line
240 180 -50 50 50 -50
line
240 180 -50 240 180 -100
line
430 50 -50 430 50 -100
line
50 50 -50 50 50 -100
line
430 50 -100 240 180 -100
line
50 50 -100 240 180 -100
line
430 50 -50 370 220 -50
line
50 50 -50 110 220 -50
line
370 220 -50 370 220 -100
line
110 220 -50 110 220 -100
line
430 50 -100 370 220 -100
line
50 50 -100 110 220 -100
line
370 220 -50 470 320 -50
line
110 220 -50 10 320 -50
line
470 320 -50 470 320 -100
line
10 320 -50 10 320 -100
line
370 220 -100 470 320 -100
line
110 220 -100 10 320 -100
line
470 320 -50 350 320 -50
line
10 320 -50 125 320 -50
line
350 320 -50 350 320 -100
line
125 320 -50 125 320 -100
line
470 320 -100 350 320 -100
line
10 320 -100 125 320 -100
line
350 320 -50 240 450 -50
line
125 320 -50 240 450 -50
line
240 450 -50 240 450 -100
line
350 320 -100 240 450 -100
line
125 320 -100 240 450 -100
display
ident
rotate
y 20
rotate
x 20
apply
display
ident
move
50 -25 50
apply
display
save
pic.png