line
200 250 0 300 250 0
line
300 250 0 300 275 0
line
300 275 0 275 275 0
line
275 275 0 275 325 0
line
275 325 0 350 325 0
line
350 325 0 350 275 0
line
350 275 0 325 275 0
line
325 275 0 325 250 0
line
325 250 0 425 250 0
line
425 250 0 425 275 0
line
425 275 0 400 275 0
line
400 275 0 400 375 0
line
400 375 0 425 375 0
line
425 375 0 425 400 0
line
425 400 0 325 400 0
line
325 400 0 325 375 0
line
325 375 0 350 375 0
line
350 375 0 350 350 0
line
350 350 0 275 350 0
line
275 350 0 275 375 0
line
275 375 0 300 375 0
line
300 375 0 300 400 0
line
300 400 0 200 400 0
line
200 400 0 200 375 0
line
200 375 0 225 375 0
line
225 375 0 225 275 0
line
225 275 0 200 275 0
line
200 275 0 200 250 0
ident
move
-75 -75 0
apply
display
line
240 180 0 430 50 0
line
240 180 0 50 50 0
line
430 50 0 370 220 0
line
50 50 0 110 220 0
line
370 220 0 470 320 0
line
110 220 0 10 320 0
line
470 320 0 350 320 0
line
10 320 0 125 320 0
line
350 320 0 240 450 0
line
125 320 0 240 450 0
ident
scale
1 1 3
apply
display
ident
rotate
z 10
rotate
x 10
rotate
y 20
apply
display

